format rational
A=[2 -1 4 -5 19; -1 3 -2 -1 -18; 0 1 5 -6 12; 3 -8 1 0 29]

A =

       2             -1              4             -5             19       
      -1              3             -2             -1            -18       
       0              1              5             -6             12       
       3             -8              1              0             29       

 

A(1,:)=A(1,:)+A(2,:)

A =

       1              2              2             -6              1       
      -1              3             -2             -1            -18       
       0              1              5             -6             12       
       3             -8              1              0             29       


A(2,:)=A(2,:)+A(1,:)

A =

       1              2              2             -6              1       
       0              5              0             -7            -17       
       0              1              5             -6             12       
       3             -8              1              0             29       

A(4,:)=A(4,:)-3*A(1,:)

A =

       1              2              2             -6              1       
       0              5              0             -7            -17       
       0              1              5             -6             12       
       0            -14             -5             18             26       

A(2,:)=A(2,:)-4*A(3,:)

A =

       1              2              2             -6              1       
       0              1            -20             17            -65       
       0              1              5             -6             12       
       0            -14             -5             18             26       

A(3,:)=A(2,:)-A(3,:)

A =

       1              2              2             -6              1       
       0              1            -20             17            -65       
       0              0            -25             23            -77       
       0            -14             -5             18             26       


A(4,:)=A(2,:)+14*A(2,:)

A =

       1              2              2             -6              1       
       0              1            -20             17            -65       
       0              0            -25             23            -77       
       0             15           -300            255           -975       

A(4,:)=A(2,:)-14*A(2,:)

A =

       1              2              2             -6              1       
       0              1            -20             17            -65       
       0              0            -25             23            -77       
       0            -13            260           -221            845       

A =
 A =
    ↑
{Error: Invalid expression. Check for missing or extra characters.
} 
A = Aog

A =

       2             -1              4             -5             19       
      -1              3             -2             -1            -18       
       0              1              5             -6             12       
       3             -8              1              0             29       

A(1,:)=A(1,:)+A(2,:)

A =

       1              2              2             -6              1       
      -1              3             -2             -1            -18       
       0              1              5             -6             12       
       3             -8              1              0             29       

A(2,:)=A(2,:)+A(1,:)

A =

       1              2              2             -6              1       
       0              5              0             -7            -17       
       0              1              5             -6             12       
       3             -8              1              0             29       

A(4,:)=A(4,:)-3*A(1,:)

A =

       1              2              2             -6              1       
       0              5              0             -7            -17       
       0              1              5             -6             12       
       0            -14             -5             18             26       

Aog2=a
{Undefined function or variable 'a'.
} 
Aog2=A

Aog2 =

       1              2              2             -6              1       
       0              5              0             -7            -17       
       0              1              5             -6             12       
       0            -14             -5             18             26       

A(2,:)=A(2,:)-4*A(3,:)

A =

       1              2              2             -6              1       
       0              1            -20             17            -65       
       0              1              5             -6             12       
       0            -14             -5             18             26       

A(3,:)=A(2,:)-A(3,:)

A =

       1              2              2             -6              1       
       0              1            -20             17            -65       
       0              0            -25             23            -77       
       0            -14             -5             18             26       

A(4,:)=A(4,:)+14*A(2,:)

A =

       1              2              2             -6              1       
       0              1            -20             17            -65       
       0              0            -25             23            -77       
       0              0           -285            256           -884       

Aog3=A

Aog3 =

       1              2              2             -6              1       
       0              1            -20             17            -65       
       0              0            -25             23            -77       
       0              0           -285            256           -884       

A(3,:)=A(3,:)/-25

A =

       1              2              2             -6              1       
       0              1            -20             17            -65       
       0              0              1            -23/25          77/25    
       0              0           -285            256           -884       

A(4,:)=A(4,:)+285*A(3,:)

A =

       1              2              2             -6              1       
       0              1            -20             17            -65       
       0              0              1            -23/25          77/25    
       0              0              0            -31/5          -31/5     

A(4,:)=A(4,:)*5

A =

       1              2              2             -6              1       
       0              1            -20             17            -65       
       0              0              1            -23/25          77/25    
       0              0              0            -31            -31       

A(4,:)=A(4,:)/-31

A =

       1              2              2             -6              1       
       0              1            -20             17            -65       
       0              0              1            -23/25          77/25    
       0              0              0              1              1       

Aref=A

Aref =

       1              2              2             -6              1       
       0              1            -20             17            -65       
       0              0              1            -23/25          77/25    
       0              0              0              1              1       

A(1,:)=A(1,:)-2*A(2,:)

A =

       1              0             42            -40            131       
       0              1            -20             17            -65       
       0              0              1            -23/25          77/25    
       0              0              0              1              1       

A(1,:)=A(1,:)-42*A(3,:)

