p100OG; p2

p2 =

    0.2264
    0.1132
    0.0377
    0.3396
    0.2830

d=200; p100OG; p2

p2 =

    0.2264
    0.1132
    0.0377
    0.3396
    0.2830

d=500; p100OG; p2

p2 =

    0.2264
    0.1132
    0.0377
    0.3396
    0.2830

d=100; p100OG; p3

p3 =

    0.2264
    0.1132
    0.0377
    0.3396
    0.2830

d=100; p100OG; p4

p4 =

    0.2264
    0.1132
    0.0377
    0.3396
    0.2830

d=100; p100OG; p5

p5 =

    0.2264
    0.1132
    0.0377
    0.3396
    0.2830

p100OG; p5

p5 =

    0.2264
    0.1132
    0.0377
    0.3396
    0.2830

clear p5
p100OG; p5

p5 =

    0.2264
    0.1132
    0.0377
    0.3396
    0.2830

p100OG; p5

p5 =

    0.2264
    0.1132
    0.0377
    0.3396
    0.2830

p100OG; p5

p5 =

    0.2264
    0.1132
    0.0377
    0.3396
    0.2830

p100OG; p5

p5 =

    0.2264
    0.1132
    0.0377
    0.3396
    0.2830

diary off
I=eye(5);R=rref(AI);
{Undefined function or variable 'AI'.
} 
I=eye(5);R=rref(A-I);
{Matrix dimensions must agree.
} 
I=eye(6);R=rref(A-I);
v=-R(:,5);
v=-R(:,6);
v=-R(:,6); v(6)=1;
p=v/sum(v);
p

p =

    0.0851
    0.1702
    0.1064
    0.1560
    0.2695
    0.2128

diary off
